2.761903429707075475e-01
-8.984613900951159415e-01
2.235687516616320369e-01
-7.269817418480353233e-01
7.943499798785007560e-01
-6.506602105353624932e-01
-8.984613900951159415e-01
-6.472596943599715491e-01
2.235687516616320369e-01
-2.390104706787830047e-01
-8.984613900951159415e-01
-6.472596943599715491e-01
-6.506602105353624932e-01
6.625375282682715294e+01
6.625375282682715294e+01
4.987195071581715666e+01
1.309385693034255560e+01
7.337198430222289858e+01
1.578444838302232256e+01
7.587480811598881303e+01
6.557905325562950338e+01
8.603262702650829041e+00
1.309385693034255560e+01
2.750787004189373874e+01
5.689022641823853377e+01
1.079601865942773742e+01
2.075429033058442840e+01
6.557905325562950338e+01
2.139758701990992051e+01
2.075429033058442840e+01
2.750787004189373874e+01
2.307462454903559390e+00
2.075429033058442840e+01
6.557905325562950338e+01
6.826727957332269625e+01
3.193153671655742443e+01
2.307462454903559390e+00
2.075429033058442840e+01
2.075429033058442840e+01
7.117461919358822797e+01
1.651259636750942406e+01
4.200618193806630529e+01
6.557905325562950338e+01
6.557905325562950338e+01
3.193153671655742443e+01
1.578444838302232256e+01
5.946669291837640259e+01
5.946669291837640259e+01
4.200618193806630529e+01
2.075429033058442840e+01
3.193153671655742443e+01
3.147634789631354835e+01
6.826727957332269625e+01
1.578444838302232256e+01
7.587480811598881303e+01
3.147634789631354835e+01
7.587480811598881303e+01
4.200618193806630529e+01
4.190089343970007008e+01
4.190089343970007008e+01
4.190089343970007008e+01
2.075429033058442840e+01
4.190089343970007008e+01
2.075429033058442840e+01
4.987195071581715666e+01
8.603262702650829041e+00
2.307462454903559390e+00
5.504939933968677224e+01
6.487118110153384976e+01
1.359607455830529332e+01
1.578444838302232256e+01
6.487118110153384976e+01
3.050082261583322918e+01
8.676812592008653624e-02
8.676812592008653624e-02
4.476773317762217097e-02
6.022383635028127902e-02
3.713170638605868268e-01
8.676812592008653624e-02
5.106342721649536065e-01
8.369865272331460382e-01
5.106342721649536065e-01
3.713170638605868268e-01
5.106342721649536065e-01
8.676812592008653624e-02
