22.0 8.48528137423857 8.48528137423857 0
21.345839928039485 10.107499331282693 7.286271060162092 -30
18.24525490007905 22.675724921525422 6.711750104262076 -30
19.787053052314374 9.228078915171325 7.13772327915551 30
16.52470831491581 20.48824440455235 6.020949561801076 -30
15.52470835929031 19.780163488598504 5.75200471268907 0
17.040614971396472 21.447502682663195 6.245962474173381 40
16.040672453340694 20.12290925880638 6.158862141121777 0
15.040737578567887 18.798746412851838 6.0728401781377785 0
14.040811980057475 18.094174068705282 5.9879430605481 0
13.297572442355426 20.436372896313006 6.8119650628386 40
12.830325619925679 22.571638310895633 8.599902652671831 30
12.661299161016203 33.33789762698287 12.086321912809481 30
11.6612995054588 32.97751741742552 11.370615728635679 0
10.661299914516883 32.27401276106786 10.315491745695253 0
10.784753955986425 30.6638595037338 9.102576027558655 30
11.170973568979958 29.602945231098765 8.194679899124084 30
12.538111062593808 29.339206333125055 7.627390797586579 30
15.946470185446032 16.086733465334948 7.413996546374223 30
14.946539861818183 17.280377720948117 7.02209795000808 0
13.946619529711157 18.47442071565587 6.327887528016538 0
26.88998628223801 13.307334186299682 6.373932129532594 30
25.165468806309974 11.042356530303184 6.7497222484547095 30
24.071621955833727 8.97906277038262 8.104635969883251 30
23.44677859743081 10.520655475054472 6.844833959311762 -30
23.499287317821214 14.93212827798731 5.784737302677364 -30
21.706580725306726 11.055685068237194 6.846083550385022 40
20.842775180000867 9.064760847634025 7.609028213320243 30
19.98872501115778 10.502602988596273 6.377261004066395 -30
19.661989683302984 13.916784798054247 5.828314148316443 -30
18.295103289839364 10.975457609319962 6.4246216131514 40
17.555834585891944 9.038691127717755 6.590903789549952 30
16.555837408008223 8.940183851580715 5.889245406375138 0
16.77484471728319 7.908341744984526 17.15058711494956 40
15.775063242080584 7.203971114669372 16.44446865254039 0
14.775311343397144 6.914658784965944 15.308849494503898 0
13.775595460705084 6.630613758982013 14.1754775846672 0
12.143945626898837 6.976136067080844 14.612069197266019 -30
11.185639561261327 7.582351570896858 15.301817564211756 -30
10.41009263241349 9.165939617688093 17.761563004859205 -30
10.020693728199822 10.541444393799495 21.517407106062205 -30
10.001563876952805 9.118440527376576 30.30985395849274 -30
9.683228593297779 7.981741165580724 33.86830513697166 -30
10.837685226198825 7.182249655522597 33.16682122292527 -30
12.382207926877296 6.7583765227075805 25.069929758068827 -30
15.055276960030078 6.7127982022191865 15.882430056799759 -30
14.055318891125934 6.010814726201468 17.035891213370988 0
13.055367245668371 5.660259312534811 18.189400263038912 0
25.71228753091481 5.962100996659402 12.374551471438139 -40
28.488288009655474 7.321861286473317 9.62399797540396 -40
28.069046749643512 9.037745470289801 8.467768111997938 -30
19.99492129845819 11.878311430870932 7.4706201162516415 -30
26.545007145444412 9.576225590133589 8.27788982062075 30
18.27522859393229 13.28810238090915 7.178537339045576 -30
24.82222558101104 10.118767181624401 7.513564777155945 30
17.49229321054097 14.699223666902238 6.48564043157183 -30
16.492311351428675 14.901905080066653 6.188096243520183 0
15.492331834213614 16.013170731587827 5.8969119391593035 0
21.05571529004626 11.240898797573413 6.339345038678561 40
19.976533415090852 9.934656488584489 7.002852793713127 30
19.337019021153804 11.519876235402483 6.43426563423442 -30
18.254048306869734 10.200133746142168 7.135058282203321 30
17.619747522736816 11.799578682897852 5.9169231574253836 -30
16.67646339108648 9.828491894840514 7.361292148263001 40
15.676463481816253 9.775212278271491 7.411931248861595 0
14.67646358491001 9.069297380949372 7.462980029764222 0
13.676463703079852 9.012465930807913 7.514430141567906 0
12.815637593573816 11.20340702708708 6.290994451184621 -30
