4.551728886235035798e-01
1.613620266976358053e+01
2.624475344195838389e+00
2.770102131742526197e+01
2.607770194424061572e+01
2.136420250493142348e+01
2.068391276914086774e+01
2.310388166304760560e+01
2.276495898377987004e+01
1.460822176162391450e+01
1.692736277929001076e+01
2.856777286859061249e+01
2.995376765317765333e+01
-1.000000000000000000e+00
-9.826012803610524315e-01
1.000000000000000000e+00
1.000000000000000000e+00
6.182623204137264322e-02
6.076879882919955511e-01
5.493450564544433590e+00
4.473505664985411912e+00
