-9.100294955506882388e-02
1.269807315709236484e+01
2.657800223057290623e+01
1.398552390872302986e+01
1.968015471447915843e+01
2.282630027320604071e+01
4.710428812168476753e-01
6.244998469912045991e+00
1.745247394711565647e+01
1.258368017942307659e+01
3.103963404796359171e+01
2.662193899073372805e+01
2.842172636266546704e+01
-9.221958852216360913e-01
5.991996556834042753e-01
1.917258955830347666e-01
6.660833811849806718e-01
5.793517680470774422e+00
1.448720430995636965e-01
1.978705845395109242e-01
7.926408274698296674e-01
