22.0 8.48528137423857 8.48528137423857 0
17.144488126358237 23.313870268725857 6.735390208092789 -20
17.084699477842303 22.18360833172504 6.461499247779286 0
16.084769958662864 21.055173467594106 5.745941963194908 0
20.55555112387156 7.368883917173945 14.437496649114088 45
17.730835936830555 8.643765378894612 8.622888482210179 -20
16.730836404255843 7.169863522418266 8.68137320078654 0
15.730836931109017 24.135249508045234 8.740337335233095 0
14.73083752949282 22.661658019905996 8.799771248369892 0
13.730838215035705 21.18820055072474 8.859665485854316 0
14.127835526814442 6.34268520674476 13.654107444143888 20
13.127889173710365 31.59265239899385 12.602746336873803 0
12.1279516671911 31.228688036798722 11.55566126710124 0
11.128025392055186 30.52361409500264 10.857539938485973 0
13.158125120596438 28.43377352149898 9.183563785060343 20
17.46532861372813 10.37386396962793 8.948023208331785 20
16.4653632681344 11.546026599087265 8.57795534735701 0
15.465402404003221 12.718252415211122 8.214029790395857 0
14.46544695071216 13.890525420981142 7.857100082449243 0
13.465498113697343 15.06283459872443 7.147406864660397 0
23.417411729264266 8.408937043123295 8.32087338386422 20
24.630949253368104 16.365903504045214 6.762939418963601 -20
21.59166555235552 9.644089284898383 7.456368634026129 20
22.8094191026121 17.66902841278718 6.398304514348199 -20
19.770585153208383 10.112958022054398 7.217392840782238 20
20.565604421960508 19.912427915545546 5.668137384668883 -20
19.41364752755244 7.5965749719170725 19.85859821112516 45
17.26666356571745 9.091266445975682 7.538647589979035 -20
16.267296370329063 9.091266445975682 6.124600630152635 0
15.26171441300239 9.091266445975682 21.68031257976239 0
14.262089164371798 9.091266445975682 20.26611652362565 0
13.26252041811578 9.091266445975682 18.851923094001368 0
13.08031287345125 13.5283862198195 30.044508525242197 -20
12.08033032772248 12.402464568280712 27.523298716400898 0
11.080350932457355 11.280821798477808 25.002552131487 0
10.080375625239645 10.562625559099395 22.482424582100133 0
11.135704134918981 8.666100242540368 32.1628613191284 -20
15.597871162519322 8.266861116322177 15.98842110602763 -20
14.597898141757074 7.562975403528691 18.179349385403423 0
13.597929089081081 7.106115723501074 20.370458361167348 0
29.243251803196966 8.084138470175505 9.67446748305753 -20
28.379478316110376 10.948497996413435 6.984078274052658 -20
27.415159791835308 7.597888820270284 9.796752506186476 20
26.556422636634583 11.071189249476339 7.070170006888963 -20
25.590337308193885 7.678549333078309 9.919773170210446 20
24.737492673371968 11.194523478567296 7.158335002551412 -20
23.603837370021783 7.761238734252996 10.043502443052699 20
22.738031753903947 10.500034756969967 7.248497608843895 -20
11.017844764722518 22.17695621369297 5.774214433789951 -20
21.675271947381688 7.815742555738581 10.310756238611532 45
20.036775865901085 10.316981123017017 7.395651330109703 -20
13.194948201147964 19.221921589816446 5.758968799775635 -20
19.66261414329355 7.7092594857378005 12.487938555014319 45
17.527857775973825 9.27577870308944 7.728134701572845 -20
16.528141510241788 9.27577870308944 7.728134701572845 0
15.528461783138388 9.27577870308944 7.728134701572845 0
14.528826136966508 9.27577870308944 7.728134701572845 0
13.52924434275665 9.27577870308944 7.728134701572845 0
13.332354476710794 13.771095309319968 5.991078782150596 -20
